3586.4999999999995
4479.799999999997
5369.800000000001
5920.500000000002
2182.3999999999996
11521.600000000006
9112.6
9839.400000000016
9419.900000000014
5355.9000000000015
5531.9
6081.3
10475.599999999991
4555.000000000002
3990.9999999999973
5399.599999999997
5617.799999999996
9113.900000000001
9914.399999999989
3523.8999999999996
4958.400000000002
8733.300000000007
4517.400000000001
13064.599999999986
8797.89999999999
8973.500000000004
10721.500000000004
7814.099999999997
8216.000000000007
4043.3000000000015
2403.3999999999987
3832.100000000001
7954.699999999999
8719.700000000003
6533.800000000002
6062.5
5973.200000000002
7800.499999999997
5591.699999999996
3682.8999999999987
11201.799999999994
8571.699999999997
11590.899999999985
3659.499999999998
10262.100000000004
5593.499999999995
4708.399999999999
4783.600000000003
5704.899999999996
8263.500000000005
10728.200000000024
4731.700000000001
7035.000000000001
5959.900000000001
9999.7
3353.1000000000004
9676.800000000005
3628.9
5300.499999999995
4225.599999999999
10035.399999999998
9239.599999999997
9235.699999999999
5197.000000000001
5843.900000000002
9139.799999999996
10326.900000000016
2499.7999999999997
9159.599999999997
7096.699999999998
5151.8
4003.4000000000005
3689.4
10710.200000000006
3164.2999999999997
3103.3999999999996
8942.300000000003
4586.6
5615.500000000002
8691.499999999998
6618.100000000004
3164.7000000000007
7375.6
4577.900000000003
8760.999999999984
2473.600000000001
8235.500000000005
8223.600000000008
2771.9999999999995
7921.100000000006
7152.800000000003
5634.5
9259.69999999999
7356.4
6263.9999999999945
9046.899999999996
6637.7
6339.7000000000035
9360.300000000001
7839.8000000000075
4783.600000000003
3408.2000000000003
3545.1999999999975
8842.700000000004
4152.5999999999985
2918.1
9105.8
7956.100000000008
5434.000000000001
10330.4
1961.4000000000003
9216.89999999999
8879.900000000007
8272.399999999998
7044.700000000006
9406.400000000003
2367.399999999999
2946.6000000000004
3981.6
8879.800000000005
10958.599999999979
4152.5999999999985
2946.6000000000004
8842.700000000004
5359.700000000002
8272.399999999998
10989.499999999993
8094.900000000008
6203.999999999998
8471.100000000008
7956.100000000008
9785.099999999997
8879.800000000005
5467.699999999996
6852.800000000004
7773.100000000002
5912.399999999995
8788.99999999999
3408.2000000000003
10022.900000000014
11201.6
3493.2999999999993
3641.2000000000025
7066.199999999999
9436.900000000003
2809.999999999999
11217.400000000023
2124.5000000000005
2367.399999999999
8827.10000000001
10531.699999999997
10168.400000000005
12150.199999999977
10022.900000000014
4799.2
10531.699999999997
8827.10000000001
2121.3
5443.400000000003
3493.2999999999993
10989.499999999993
9104.300000000012
7553.600000000008
2501.6
3217.3000000000006
6417.59999999999
9199.699999999999
4657.700000000004
7384.299999999988
8471.100000000008
6203.999999999998
5009.799999999999
6358.499999999991
