[1] docNum - 1
[2] docNum - 2
[3, 4, 5] docNum - 3
[6, 7, 8] docNum - 4
[9, 10] docNum - 5
[11, 12] docNum - 6
[13, 14, 15] docNum - 7
[16, 17] docNum - 8
[18, 19] docNum - 9
[20] docNum - 10
[21, 22, 23, 24] docNum - 11
[25, 26, 27, 28] docNum - 12
[29, 30, 31] docNum - 13
[32] docNum - 14
[33, 34] docNum - 15
[35] docNum - 16
[36, 37] docNum - 17
[38, 39] docNum - 18
[40, 41, 42] docNum - 19
[43, 44] docNum - 20
[45, 46, 47] docNum - 21
[48, 49, 50] docNum - 22
[51, 52, 53] docNum - 23
[54, 55, 56] docNum - 24
[57, 58, 59] docNum - 25
[60] docNum - 26
[61, 62, 63, 64, 65] docNum - 27
[66, 67, 68] docNum - 28
Enter the  keywords to search
modi
[135.0, 185.0, 44.0, 351.0, 0.0, 177.0, 104.0, 74.0, 15.0, 130.0] 0
centroids - [121.34739577068855, 121.61100548641197]
mem[[0.46932515337423314, 0.5306748466257669, 0.5306748466257669, 0.4693251533742331], [0.46932515337423314, 0.5306748466257669, 0.5306748466257669, 0.4693251533742331], [0.46732026143790845, 0.5326797385620916, 0.5326797385620915, 0.4673202614379085], [0.46732026143790845, 0.5326797385620916, 0.5326797385620915, 0.4673202614379085], [0.47240618101545245, 0.5275938189845475, 0.5275938189845475, 0.4724061810154525], [0.47240618101545245, 0.5275938189845475, 0.5275938189845475, 0.4724061810154525], [0.4582637729549249, 0.5417362270450752, 0.5417362270450752, 0.4582637729549248], [0.4582637729549249, 0.5417362270450752, 0.5417362270450752, 0.4582637729549248], [0.47368421052631576, 0.5263157894736843, 0.5263157894736842, 0.4736842105263158], [0.47368421052631576, 0.5263157894736843, 0.5263157894736842, 0.4736842105263158], [0.46765847347994827, 0.5323415265200517, 0.5323415265200517, 0.46765847347994827], [0.46765847347994827, 0.5323415265200517, 0.5323415265200517, 0.46765847347994827], [0.47044917257683216, 0.5295508274231678, 0.5295508274231678, 0.47044917257683216], [0.47044917257683216, 0.5295508274231678, 0.5295508274231678, 0.47044917257683216], [0.4714611872146119, 0.5285388127853881, 0.5285388127853882, 0.47146118721461183], [0.4714611872146119, 0.5285388127853881, 0.5285388127853882, 0.47146118721461183], [0.47326203208556145, 0.5267379679144386, 0.5267379679144385, 0.4732620320855615], [0.47326203208556145, 0.5267379679144386, 0.5267379679144385, 0.4732620320855615], [0.46951219512195114, 0.5304878048780488, 0.5304878048780488, 0.4695121951219512], [0.46951219512195114, 0.5304878048780488, 0.5304878048780488, 0.4695121951219512]]
centroids - [121.12596287550409, 121.87430773353374]
mem[[0.4951258481750707, 0.5048741518249293, 0.5048741518249293, 0.49512584817507066], [0.4951258481750707, 0.5048741518249293, 0.5048741518249293, 0.49512584817507066], [0.4989625063037152, 0.5010374936962848, 0.5010374936962848, 0.4989625063037152], [0.4989625063037152, 0.5010374936962848, 0.5010374936962848, 0.4989625063037152], [0.5008505822000772, 0.49914941779992283, 0.49914941779992283, 0.5008505822000772], [0.5008505822000772, 0.49914941779992283, 0.49914941779992283, 0.5008505822000772], [0.4997128694692971, 0.5002871305307028, 0.5002871305307027, 0.49971286946929727], [0.4997128694692971, 0.5002871305307028, 0.5002871305307027, 0.49971286946929727], [0.500542499692045, 0.499457500307955, 0.49945750030795505, 0.5005424996920449], [0.500542499692045, 0.499457500307955, 0.49945750030795505, 0.5005424996920449], [0.4988130136871779, 0.5011869863128221, 0.5011869863128221, 0.4988130136871779], [0.4988130136871779, 0.5011869863128221, 0.5011869863128221, 0.4988130136871779], [0.5037703342579185, 0.4962296657420815, 0.49622966574208144, 0.5037703342579185], [0.5037703342579185, 0.4962296657420815, 0.49622966574208144, 0.5037703342579185], [0.5013880273479421, 0.4986119726520579, 0.4986119726520579, 0.5013880273479421], [0.5013880273479421, 0.4986119726520579, 0.4986119726520579, 0.5013880273479421], [0.5006189230247957, 0.4993810769752043, 0.49938107697520423, 0.5006189230247957], [0.5006189230247957, 0.4993810769752043, 0.49938107697520423, 0.5006189230247957], [0.492265698785061, 0.507734301214939, 0.5077343012149389, 0.4922656987850611], [0.492265698785061, 0.507734301214939, 0.5077343012149389, 0.4922656987850611]]
centroids - [120.43818817724687, 122.5640136926658]
mem[[0.4861416229919669, 0.5138583770080332, 0.5138583770080332, 0.48614162299196684], [0.4861416229919669, 0.5138583770080332, 0.5138583770080332, 0.48614162299196684], [0.4970537541236568, 0.5029462458763432, 0.5029462458763433, 0.4970537541236567], [0.4970537541236568, 0.5029462458763432, 0.5029462458763433, 0.4970537541236567], [0.5024140114565259, 0.49758598854347413, 0.4975859885434741, 0.5024140114565259], [0.5024140114565259, 0.49758598854347413, 0.4975859885434741, 0.5024140114565259], [0.4991848090422377, 0.5008151909577623, 0.5008151909577622, 0.49918480904223783], [0.4991848090422377, 0.5008151909577623, 0.5008151909577622, 0.49918480904223783], [0.501539802519878, 0.49846019748012205, 0.498460197480122, 0.5015398025198781], [0.501539802519878, 0.49846019748012205, 0.498460197480122, 0.5015398025198781], [0.496629068998025, 0.5033709310019749, 0.5033709310019749, 0.49662906899802506], [0.496629068998025, 0.5033709310019749, 0.5033709310019749, 0.49662906899802506], [0.5106905581729476, 0.4893094418270524, 0.4893094418270524, 0.5106905581729476], [0.5106905581729476, 0.4893094418270524, 0.4893094418270524, 0.5106905581729476], [0.5039386459282278, 0.4960613540717722, 0.49606135407177215, 0.5039386459282278], [0.5039386459282278, 0.4960613540717722, 0.49606135407177215, 0.5039386459282278], [0.501756675838697, 0.498243324161303, 0.4982433241613029, 0.5017566758386971], [0.501756675838697, 0.498243324161303, 0.4982433241613029, 0.5017566758386971], [0.4779895067498101, 0.5220104932501899, 0.5220104932501899, 0.4779895067498101], [0.4779895067498101, 0.5220104932501899, 0.5220104932501899, 0.4779895067498101]]
centroids - [118.49710028649774, 124.52081190124795]
mem[[0.46062965014450885, 0.5393703498554911, 0.539370349855491, 0.46062965014450896], [0.46062965014450885, 0.5393703498554911, 0.539370349855491, 0.46062965014450896], [0.49163046309967756, 0.5083695369003225, 0.5083695369003224, 0.4916304630996776], [0.49163046309967756, 0.5083695369003225, 0.5083695369003224, 0.4916304630996776], [0.5068574042490153, 0.49314259575098474, 0.49314259575098474, 0.5068574042490153], [0.5068574042490153, 0.49314259575098474, 0.49314259575098474, 0.5068574042490153], [0.49768427482214583, 0.5023157251778542, 0.5023157251778542, 0.49768427482214583], [0.49768427482214583, 0.5023157251778542, 0.5023157251778542, 0.49768427482214583], [0.5043740869404899, 0.4956259130595101, 0.49562591305951015, 0.5043740869404898], [0.5043740869404899, 0.4956259130595101, 0.49562591305951015, 0.5043740869404898], [0.49042401943447783, 0.5095759805655222, 0.5095759805655221, 0.4904240194344779], [0.49042401943447783, 0.5095759805655222, 0.5095759805655221, 0.4904240194344779], [0.5303670255277033, 0.4696329744722967, 0.4696329744722967, 0.5303670255277033], [0.5303670255277033, 0.4696329744722967, 0.4696329744722967, 0.5303670255277033], [0.511188296026706, 0.488811703973294, 0.488811703973294, 0.511188296026706], [0.511188296026706, 0.488811703973294, 0.488811703973294, 0.511188296026706], [0.5049901491551652, 0.49500985084483484, 0.49500985084483484, 0.5049901491551652], [0.5049901491551652, 0.49500985084483484, 0.49500985084483484, 0.5049901491551652], [0.43746762083095747, 0.5625323791690425, 0.5625323791690424, 0.4374676208309576], [0.43746762083095747, 0.5625323791690425, 0.5625323791690424, 0.4374676208309576]]
centroids - [113.20920629332193, 129.9431281708305]
mem[[0.3883757317694582, 0.6116242682305417, 0.6116242682305417, 0.3883757317694583], [0.3883757317694582, 0.6116242682305417, 0.6116242682305417, 0.3883757317694583], [0.47628125462995846, 0.5237187453700416, 0.5237187453700415, 0.4762812546299585], [0.47628125462995846, 0.5237187453700416, 0.5237187453700415, 0.4762812546299585], [0.5194290825161377, 0.48057091748386227, 0.48057091748386227, 0.5194290825161377], [0.5194290825161377, 0.48057091748386227, 0.48057091748386227, 0.5194290825161377], [0.49343796656263617, 0.5065620334373638, 0.5065620334373638, 0.49343796656263617], [0.49343796656263617, 0.5065620334373638, 0.5065620334373638, 0.49343796656263617], [0.512393554780638, 0.48760644521936203, 0.487606445219362, 0.512393554780638], [0.512393554780638, 0.48760644521936203, 0.487606445219362, 0.512393554780638], [0.47286178457491096, 0.527138215425089, 0.5271382154250891, 0.4728617845749109], [0.47286178457491096, 0.527138215425089, 0.5271382154250891, 0.4728617845749109], [0.5860090056548, 0.41399099434520004, 0.4139909943452001, 0.5860090056548], [0.5860090056548, 0.41399099434520004, 0.4139909943452001, 0.5860090056548], [0.531697768747265, 0.46830223125273496, 0.4683022312527349, 0.531697768747265], [0.531697768747265, 0.46830223125273496, 0.4683022312527349, 0.531697768747265], [0.514138979095432, 0.48586102090456795, 0.48586102090456806, 0.5141389790954319], [0.514138979095432, 0.48586102090456795, 0.48586102090456806, 0.5141389790954319], [0.3226451399455287, 0.6773548600544713, 0.6773548600544713, 0.3226451399455287], [0.3226451399455287, 0.6773548600544713, 0.6773548600544713, 0.3226451399455287]]
centroids - [101.89656885467465, 142.5224777336432]
mem[[0.18835424712876633, 0.8116457528712336, 0.8116457528712336, 0.18835424712876636], [0.18835424712876633, 0.8116457528712336, 0.8116457528712336, 0.18835424712876636], [0.4340392990016063, 0.5659607009983937, 0.5659607009983937, 0.4340392990016063], [0.4340392990016063, 0.5659607009983937, 0.5659607009983937, 0.4340392990016063], [0.5539273931497786, 0.44607260685022143, 0.4460726068502214, 0.5539273931497786], [0.5539273931497786, 0.44607260685022143, 0.4460726068502214, 0.5539273931497786], [0.4817652751289837, 0.5182347248710163, 0.5182347248710163, 0.4817652751289837], [0.4817652751289837, 0.5182347248710163, 0.5182347248710163, 0.4817652751289837], [0.5344103664774307, 0.4655896335225693, 0.4655896335225693, 0.5344103664774307], [0.5344103664774307, 0.4655896335225693, 0.4655896335225693, 0.5344103664774307], [0.42451838387116547, 0.5754816161288345, 0.5754816161288345, 0.42451838387116547], [0.42451838387116547, 0.5754816161288345, 0.5754816161288345, 0.42451838387116547], [0.7380200651335612, 0.2619799348664388, 0.26197993486643883, 0.7380200651335611], [0.7380200651335612, 0.2619799348664388, 0.26197993486643883, 0.7380200651335611], [0.5879322718236245, 0.4120677281763755, 0.4120677281763755, 0.5879322718236245], [0.5879322718236245, 0.4120677281763755, 0.4120677281763755, 0.5879322718236245], [0.5392534332771355, 0.4607465667228645, 0.4607465667228644, 0.5392534332771356], [0.5392534332771355, 0.4607465667228645, 0.4607465667228644, 0.5392534332771356], [0.003375650415690298, 0.9966243495843097, 0.9966243495843098, 0.0033756504156902123], [0.003375650415690298, 0.9966243495843097, 0.9966243495843098, 0.0033756504156902123]]
centroids - [91.13237056619522, 150.53769431122421]
mem[[0.18516454009814115, 0.8148354599018588, 0.8148354599018588, 0.1851645400981412], [0.18516454009814115, 0.8148354599018588, 0.8148354599018588, 0.1851645400981412], [0.33824812690429323, 0.6617518730957068, 0.6617518730957067, 0.3382481269042933], [0.33824812690429323, 0.6617518730957068, 0.6617518730957067, 0.3382481269042933], [0.6298624105090368, 0.3701375894909632, 0.3701375894909633, 0.6298624105090367], [0.6298624105090368, 0.3701375894909632, 0.3701375894909633, 0.6298624105090367], [0.45560795464052267, 0.5443920453594773, 0.5443920453594774, 0.4556079546405226], [0.45560795464052267, 0.5443920453594773, 0.5443920453594774, 0.4556079546405226], [0.5831070848324598, 0.41689291516754023, 0.41689291516754023, 0.5831070848324598], [0.5831070848324598, 0.41689291516754023, 0.41689291516754023, 0.5831070848324598], [0.3146306104568099, 0.68536938954319, 0.68536938954319, 0.31463061045680996], [0.3146306104568099, 0.68536938954319, 0.68536938954319, 0.31463061045680996], [0.9482243916907356, 0.05177560830926442, 0.051775608309264476, 0.9482243916907356], [0.9482243916907356, 0.05177560830926442, 0.051775608309264476, 0.9482243916907356], [0.7106736703818993, 0.2893263296181007, 0.2893263296181007, 0.7106736703818993], [0.7106736703818993, 0.2893263296181007, 0.2893263296181007, 0.7106736703818993], [0.5947348417162069, 0.40526515828379306, 0.4052651582837932, 0.5947348417162068], [0.5947348417162069, 0.40526515828379306, 0.4052651582837932, 0.5947348417162068], [0.3082387097098499, 0.6917612902901501, 0.6917612902901501, 0.3082387097098499], [0.3082387097098499, 0.6917612902901501, 0.6917612902901501, 0.3082387097098499]]
centroids - [87.8731193016304, 155.4062888472775]
mem[[0.2615539034500153, 0.7384460965499847, 0.7384460965499847, 0.2615539034500153], [0.2615539034500153, 0.7384460965499847, 0.7384460965499847, 0.2615539034500153], [0.2685445578684151, 0.7314554421315849, 0.731455442131585, 0.268544557868415], [0.2685445578684151, 0.7314554421315849, 0.731455442131585, 0.268544557868415], [0.6932885360347046, 0.30671146396529536, 0.30671146396529525, 0.6932885360347047], [0.6932885360347046, 0.30671146396529536, 0.30671146396529525, 0.6932885360347047], [0.4354752763045813, 0.5645247236954187, 0.5645247236954186, 0.4354752763045814], [0.4354752763045813, 0.5645247236954187, 0.5645247236954186, 0.4354752763045814], [0.6229058381209951, 0.3770941618790049, 0.3770941618790049, 0.6229058381209951], [0.6229058381209951, 0.3770941618790049, 0.3770941618790049, 0.6229058381209951], [0.23557661330346777, 0.7644233866965322, 0.7644233866965322, 0.2355766133034678], [0.23557661330346777, 0.7644233866965322, 0.7644233866965322, 0.2355766133034678], [0.7833926553614391, 0.2166073446385609, 0.21660734463856088, 0.7833926553614391], [0.7833926553614391, 0.2166073446385609, 0.21660734463856088, 0.7833926553614391], [0.8170987648122657, 0.18290123518773427, 0.18290123518773427, 0.8170987648122657], [0.8170987648122657, 0.18290123518773427, 0.18290123518773427, 0.8170987648122657], [0.6403252835478443, 0.35967471645215565, 0.35967471645215565, 0.6403252835478443], [0.6403252835478443, 0.35967471645215565, 0.35967471645215565, 0.6403252835478443], [0.34572144408089006, 0.65427855591911, 0.6542785559191099, 0.3457214440808901], [0.34572144408089006, 0.65427855591911, 0.6542785559191099, 0.3457214440808901]]
8 iterations
modi-26
modi-25
modi-3
modi-4
modi-14
[60, 57, 59, 3, 6, 8, 32]
7 news found
execution time for modi without PSO 32984747451
-------------------PSO--------------------
mean 121.5
Logging 148.62626203134135
Logging 187.97374680962292
Logging 55.87540778460021
Logging 295.4068124382229
Logging -14.628379551455533
Logging 196.01778872058614
Logging 105.53511908074223
Logging 78.37549829652338
Logging 15.65129642942335
Logging 132.45509344322247
centroids - [20.47056970152163, 150.17383075284891]
mem[[0.14228916409413842, 0.8577108359058616], [0.2540056816902069, 0.7459943183097931], [0.5492829830738588, 0.4507170169261412], [0.36722528991029724, 0.6327747100897028], [0.9045311956538485, 0.09546880434615146], [0.26876915068628765, 0.7312308493137123], [0.14870466384091457, 0.8512953361590854], [0.3677867922058402, 0.6322132077941598], [0.8737493663600485, 0.12625063363995148], [0.06020322240410485, 0.9397967775958952]]
1 iterations with PSO
execution time for modi with PSO308600235
