0 -: keywords- [926.0, 185.0, 696.0, 194.0, 249.0, 14.0, 287.0, 184.0, 271.0, 277.0, 972.0, 583.0, 952.0, 39.0, 293.0, 763.0, 303.0, 971.0, 220.0, 165.0, 214.0, 176.0, 358.0, 175.0, 118.0, 163.0, 217.0, 534.0, 185.0, 602.0, 118.0, 225.0]
0  - : position- [932.4294317801808, 183.89558370265848, 698.8583693720021, 193.7453756207565, 250.0243739144724, 16.548826480205513, 287.0283564551294, 184.368721990659, 271.63356462368097, 277.9259872925078, 965.1325006542012, 584.0195398053801, 949.449621526747, 37.06991898707944, 294.1508212754519, 764.5528474110835, 310.68274413647896, 969.9084119887714, 216.2149021930701, 169.47845488207707, 208.07108707852527, 165.8187140245244, 355.9786610206167, 187.2239290439568, 121.31786975684885, 173.1872877538104, 202.91302423286123, 543.0069680909978, 201.09229331310968, 594.0344784748185, 125.20876124527834, 224.58192913343314]
0 - : velocity- [6.429431780180807, -1.1044162973415048, 2.858369372002174, -0.2546243792434947, 1.0243739144723802, 2.5488264802055123, 0.028356455129426916, 0.3687219906589945, 0.6335646236809925, 0.9259872925077597, -6.867499345798857, 1.0195398053800875, -2.550378473252999, -1.9300810129205583, 1.1508212754518752, 1.552847411083433, 7.682744136478951, -1.0915880112285758, -3.785097806929901, 4.478454882077078, -5.92891292147474, -10.181285975475582, -2.0213389793833203, 12.223929043956788, 3.3178697568488564, 10.187287753810415, -14.08697576713877, 9.006968090997855, 16.092293313109693, -7.965521525181527, 7.208761245278341, -0.41807086656686643]
0 -: gBest- 0.0 - 1165.9940625000002
1 -: keywords- [926.0, 185.0, 696.0, 194.0, 249.0, 14.0, 287.0, 184.0, 271.0, 277.0, 972.0, 583.0, 952.0, 39.0, 293.0, 763.0, 303.0, 971.0, 220.0, 165.0, 214.0, 176.0, 358.0, 175.0, 118.0, 163.0, 217.0, 534.0, 185.0, 602.0, 118.0, 225.0]
1  - : position- [943.0554130312337, 182.77377069536266, 694.7535283739768, 193.47639556698772, 251.43053424422348, 18.417858551238886, 286.43493472376474, 185.60389792610195, 271.9470076617528, 279.2805642965726, 953.2155983206617, 585.7663613267989, 942.9093433561338, 27.307574543792356, 289.65833358377745, 765.1131509368096, 323.82950854642326, 968.1959595037406, 202.63311621871318, 184.4626371404745, 204.22683702321314, 162.8573738791867, 345.37397565885686, 210.16003435436983, 121.26187819868717, 182.22551839967429, 197.45108938068492, 543.097830753471, 219.0166482246148, 590.6990777666035, 127.96247177109831, 239.54671903574626]
1 - : velocity- [10.625981251052856, -1.1218130072958192, -4.1048409980253915, -0.2689800537687914, 1.4061603297510794, 1.8690320710333748, -0.593421731364676, 1.2351759354429501, 0.31344303807186225, 1.3545770040648055, -11.916902333539468, 1.7468215214188922, -6.540278170613236, -9.762344443287082, -4.492487691674441, 0.5603035257261407, 13.146764409944293, -1.7124524850307417, -13.581785974356912, 14.984182258397428, -3.844250055312141, -2.961340145337706, -10.604685361759849, 22.936105310413048, -0.05599155816167256, 9.038230645863889, -5.461934852176324, 0.09086266247320474, 17.924354911505137, -3.335400708214962, 2.7537105258199626, 14.964789902313123]
1 -: gBest- 0.0 - 1169.074560885929
2 -: keywords- [926.0, 185.0, 696.0, 194.0, 249.0, 14.0, 287.0, 184.0, 271.0, 277.0, 972.0, 583.0, 952.0, 39.0, 293.0, 763.0, 303.0, 971.0, 220.0, 165.0, 214.0, 176.0, 358.0, 175.0, 118.0, 163.0, 217.0, 534.0, 185.0, 602.0, 118.0, 225.0]
2  - : position- [948.4844140002883, 180.7208911311762, 681.4035343305945, 193.189346778678, 252.87824695734432, 19.556960058361156, 285.91055406173797, 187.45169912775629, 272.2630807355895, 280.91463305816904, 938.2945987366088, 585.9250511455766, 939.1351382317176, 24.236426436513586, 289.8887810643145, 765.7556709303855, 332.9135361753749, 966.5979678922702, 193.41818427239303, 190.84697932307816, 209.0751537629874, 163.55388561665978, 328.53224154758107, 220.31287290680973, 133.72143913480252, 195.2626552089241, 202.37100910943772, 542.5464571443326, 247.16191334860372, 584.2310056173774, 142.20507299861418, 261.6187399629372]
2 - : velocity- [5.42900096905459, -2.0528795641864725, -13.349994043382264, -0.28704878830973607, 1.447712713120842, 1.1391015071222703, -0.5243806620267872, 1.8478012016543333, 0.3160730738366388, 1.634068761596439, -14.920999584052886, 0.15868981877774968, -3.774205124416168, -3.0711481072787707, 0.23044748053704645, 0.642519993575832, 9.084027628951613, -1.5979916114704233, -9.214931946320156, 6.384342182603653, 4.848316739774284, 0.6965117374730845, -16.841734111275784, 10.152838552439901, 12.459560936115363, 13.037136809249802, 4.919919728752816, -0.5513736091383625, 28.145265123988917, -6.468072149226094, 14.24260122751588, 22.07202092719093]
2 -: gBest- 0.0 - 1174.304271088969
3 -: keywords- [926.0, 185.0, 696.0, 194.0, 249.0, 14.0, 287.0, 184.0, 271.0, 277.0, 972.0, 583.0, 952.0, 39.0, 293.0, 763.0, 303.0, 971.0, 220.0, 165.0, 214.0, 176.0, 358.0, 175.0, 118.0, 163.0, 217.0, 534.0, 185.0, 602.0, 118.0, 225.0]
3  - : position- [965.6858484175344, 177.91904365483194, 670.5425102525995, 192.72839966803622, 254.4339642883844, 24.40935372939712, 285.5224869689946, 188.16132284531227, 272.6137848520927, 282.4046521115478, 930.9463372133515, 588.4276006023081, 931.5048408238728, 26.14699806544823, 285.5385065375479, 766.1253231881201, 340.02991931291416, 966.622143647608, 173.89506147561977, 202.8332426280079, 205.53844651355035, 167.1898582038039, 323.4743798731438, 220.51618443658427, 148.85916534308728, 197.6507029234692, 201.12104840771835, 534.3581804387061, 272.71038006504403, 572.7479591135063, 152.73018893381064, 294.1484349103977]
3 - : velocity- [17.201434417246087, -2.8018474763442485, -10.861024077995014, -0.460947110641777, 1.5557173310400962, 4.852393671035965, -0.3880670927433943, 0.7096237175559779, 0.35070411650321087, 1.490019053378786, -7.348261523257239, 2.502549456731475, -7.630297407844845, 1.9105716289346453, -4.350274526766608, 0.3696522577346819, 7.116383137539291, 0.02417575533790728, -19.523122796773265, 11.986263304929734, -3.536707249437068, 3.6359725871441233, -5.0578616744372535, 0.2033115297745276, 15.13772620828475, 2.388047714545108, -1.2499607017193863, -8.18827670562657, 25.548466716440295, -11.48304650387108, 10.525115935196458, 32.529694947460555]
3 -: gBest- 0.0 - 1181.8024479743335
4 -: keywords- [926.0, 185.0, 696.0, 194.0, 249.0, 14.0, 287.0, 184.0, 271.0, 277.0, 972.0, 583.0, 952.0, 39.0, 293.0, 763.0, 303.0, 971.0, 220.0, 165.0, 214.0, 176.0, 358.0, 175.0, 118.0, 163.0, 217.0, 534.0, 185.0, 602.0, 118.0, 225.0]
4  - : position- [981.7994103606568, 174.44723497264934, 668.254227767865, 192.55098552920342, 256.510348626985, 31.234004836967063, 285.60297115525424, 189.0716655564609, 272.80916565185714, 283.3483919737399, 924.4440208857014, 592.6947940559235, 921.0651599622257, 27.126981774894407, 283.0614729017448, 768.2755746582463, 339.30678411113826, 963.6362497243795, 159.25624161581212, 212.04976887334095, 210.34564796488533, 174.88616354529003, 318.54974941835746, 210.94841046556988, 159.8226024309611, 193.72675770361818, 194.54179251109278, 528.8547898005856, 284.024598825936, 564.5628768839747, 181.8123182012239, 329.09048323183043]
4 - : velocity- [16.11356194312242, -3.471808682182605, -2.2882824847344896, -0.17741413883281393, 2.0763843386005987, 6.824651107569942, 0.08048418625964318, 0.9103427111486313, 0.1953807997644725, 0.9437398621921104, -6.502316327650034, 4.267193453615425, -10.439680861647098, 0.979983709446177, -2.477033635803084, 2.1502514701263005, -0.7231352017759232, -2.985893923228562, -14.63881985980765, 9.216526245333052, 4.807201451334965, 7.696305341486125, -4.924630454786308, -9.567773971014395, 10.963437087873814, -3.9239452198510216, -6.57925589662556, -5.503390638120461, 11.31421876089195, -8.185082229531671, 29.08212926741325, 34.94204832143271]
4 -: gBest- 0.0 - 1187.3459159416657
5 -: keywords- [926.0, 185.0, 696.0, 194.0, 249.0, 14.0, 287.0, 184.0, 271.0, 277.0, 972.0, 583.0, 952.0, 39.0, 293.0, 763.0, 303.0, 971.0, 220.0, 165.0, 214.0, 176.0, 358.0, 175.0, 118.0, 163.0, 217.0, 534.0, 185.0, 602.0, 118.0, 225.0]
5  - : position- [987.5640154774975, 171.17042106389292, 660.3519048213785, 192.24603901783095, 258.152192851686, 34.45816697859409, 285.4730047490398, 190.4680654825054, 273.47096434148807, 284.11988373390653, 911.7050313194849, 595.6361883241763, 910.7310246857837, 34.28078576660725, 286.9324957713702, 770.5905071517516, 346.31115942009075, 962.2189852890402, 132.18283178306973, 233.48535218128404, 226.04140954147226, 185.18273332088162, 305.6451694991229, 205.06870193328157, 173.55490076242597, 186.55487489890527, 180.64231657132947, 529.5767104108409, 300.6092515343599, 546.8819079199963, 224.25353912283117, 376.3480702738015]
5 - : velocity- [5.7646051168406505, -3.2768139087564263, -7.9023229464865254, -0.3049465113724536, 1.6418442247010223, 3.2241621416270316, -0.12996640621445746, 1.396399926044489, 0.661798689630903, 0.7714917601666036, -12.73898956621655, 2.941394268252819, -10.33413527644196, 7.153803991712849, 3.871022869625405, 2.3149324935052915, 7.004375308952493, -1.4172644353392116, -27.073409832742392, 21.43558330794309, 15.695761576586941, 10.296569775591593, -12.904579919234573, -5.879708532288317, 13.732298331464863, -7.171882804712913, -13.899475939763319, 0.7219206102552489, 16.584652708423896, -17.680968963978405, 42.44122092160728, 47.25758704197108]
5 -: gBest- 0.0 - 1193.106697530316
6 -: keywords- [926.0, 185.0, 696.0, 194.0, 249.0, 14.0, 287.0, 184.0, 271.0, 277.0, 972.0, 583.0, 952.0, 39.0, 293.0, 763.0, 303.0, 971.0, 220.0, 165.0, 214.0, 176.0, 358.0, 175.0, 118.0, 163.0, 217.0, 534.0, 185.0, 602.0, 118.0, 225.0]
6  - : position- [985.3952477688429, 167.69550779976038, 652.4665804886379, 192.36435161366018, 260.1533117374519, 39.309280365309434, 285.56657930554536, 190.54593264401012, 274.85143847292136, 283.77216220894417, 908.0084492852872, 596.3759159009817, 906.289946838268, 46.68977667057127, 285.6315643674876, 773.8955448011495, 355.1643994455863, 957.5305795036169, 111.97934278971444, 263.29675937113103, 238.3822181974867, 186.5158205892193, 281.5059683930167, 196.52371509153133, 194.90286910960438, 193.57469672506738, 157.63479463728333, 531.7836170573288, 329.45349538976666, 518.2575922064182, 262.21662517849404, 430.52423649614013]
6 - : velocity- [-2.16876770865467, -3.474913264132529, -7.885324332740691, 0.11831259582922499, 2.001118885765907, 4.851113386715337, 0.09357455650557323, 0.07786716150470308, 1.3804741314332847, -0.3477215249623804, -3.6965820341976903, 0.7397275768054312, -4.441077847515733, 12.408990903964016, -1.3009314038826134, 3.30503764939798, 8.853240025495543, -4.688405785423307, -20.203488993355293, 29.811407189846967, 12.340808656014454, 1.3330872683376729, -24.139201106106214, -8.544986841750255, 21.34796834717841, 7.019821826162102, -23.007521934046146, 2.206906646487932, 28.8442438554068, -28.624315713578106, 37.96308605566288, 54.17616622233863]
6 -: gBest- 0.0 - 1199.51994665997
7 -: keywords- [926.0, 185.0, 696.0, 194.0, 249.0, 14.0, 287.0, 184.0, 271.0, 277.0, 972.0, 583.0, 952.0, 39.0, 293.0, 763.0, 303.0, 971.0, 220.0, 165.0, 214.0, 176.0, 358.0, 175.0, 118.0, 163.0, 217.0, 534.0, 185.0, 602.0, 118.0, 225.0]
7  - : position- [989.3522834742762, 164.19288220817393, 639.2781239889612, 192.43317601294729, 261.8831937457842, 42.54364769589803, 285.4908259890363, 191.20550818575265, 276.3481187634397, 283.0669010946958, 911.5125292364892, 595.9085075966743, 899.7131155689412, 49.99099814957148, 286.7205491336783, 776.940722768843, 356.99898676007865, 954.5571284119404, 96.09841796660885, 284.14290838283864, 240.975260258864, 200.2229621942595, 251.6438594254645, 187.2873317092668, 222.5137717022343, 197.7554765434228, 133.51850825855828, 525.3212933197613, 359.10975369070036, 482.7850067570815, 298.01564349931425, 482.30965087979587]
7 - : velocity- [3.9570357054333334, -3.502625591586451, -13.188456499676683, 0.06882439928711848, 1.729882008332298, 3.2343673305885985, -0.07575331650908401, 0.6595755417425393, 1.4966802905183034, -0.7052611142483652, 3.504079951201975, -0.46740830430730307, -6.576831269326746, 3.3012214790002155, 1.0889847661906613, 3.045177967693454, 1.8345873144923441, -2.9734510916764245, -15.880924823105584, 20.846149011707634, 2.5930420613772895, 13.707141605040212, -29.862108967552192, -9.23638338226454, 27.6109025926299, 4.180779818355408, -24.11628637872506, -6.462323737567557, 29.656258300933718, -35.47258544933668, 35.79901832082019, 51.78541438365573]
7 -: gBest- 0.0 - 1210.118415249526
8 -: keywords- [926.0, 185.0, 696.0, 194.0, 249.0, 14.0, 287.0, 184.0, 271.0, 277.0, 972.0, 583.0, 952.0, 39.0, 293.0, 763.0, 303.0, 971.0, 220.0, 165.0, 214.0, 176.0, 358.0, 175.0, 118.0, 163.0, 217.0, 534.0, 185.0, 602.0, 118.0, 225.0]
8  - : position- [980.9741119190567, 159.878326940331, 635.4899157505315, 192.41615030470115, 263.0584986966745, 46.39078438893124, 285.5511187273496, 190.00534208695615, 278.03068762086366, 281.8777264937767, 908.4147148238324, 597.6994003873884, 894.5650896891487, 62.091258365884066, 288.21188466278886, 780.9420493252682, 360.302768097827, 952.7399308788072, 72.05304914741998, 302.92592455940144, 243.78235264892157, 226.9343571823859, 220.74553734456376, 166.1579791057689, 242.38672319471254, 191.1255520739571, 118.44916670560747, 515.825977890329, 400.3310083422062, 458.39583891242063, 338.45653926621594, 529.616997976087]
8 - : velocity- [-8.378171555219508, -4.31455526784293, -3.7882082384296254, -0.017025708246129992, 1.1753049508903473, 3.8471366930332094, 0.06029273831328513, -1.2001660987964922, 1.682568857423951, -1.1891746009190747, -3.097814412656838, 1.7908927907141636, -5.148025879792484, 12.100260216312583, 1.4913355291106138, 4.001326556425187, 3.3037813377483785, -1.817197533133206, -24.04536881918886, 18.78301617656281, 2.8070923900575564, 26.711394988126383, -30.898322080900755, -21.129352603497907, 19.872951492478265, -6.62992446946569, -15.06934155295082, -9.495315429432251, 41.221254651505845, -24.389167844660832, 40.44089576690171, 47.30734709629111]
8 -: gBest- 0.0 - 1216.8920747710683
9 -: keywords- [926.0, 185.0, 696.0, 194.0, 249.0, 14.0, 287.0, 184.0, 271.0, 277.0, 972.0, 583.0, 952.0, 39.0, 293.0, 763.0, 303.0, 971.0, 220.0, 165.0, 214.0, 176.0, 358.0, 175.0, 118.0, 163.0, 217.0, 534.0, 185.0, 602.0, 118.0, 225.0]
9  - : position- [959.9885334615217, 155.66158862397393, 637.5328207316322, 192.51898059324247, 263.7742564378227, 52.073374574555615, 285.58172904009433, 187.7971018680691, 279.98306854271596, 279.7437008609482, 911.0940596428871, 600.7940407790146, 891.0880372773396, 80.86812805968145, 295.4189030415207, 784.7236072246501, 361.57259009764755, 947.1832847103841, 35.46841699910024, 324.67672197232173, 251.4387596784736, 265.9924265240644, 178.88246799923533, 143.90157148885945, 258.8488754338547, 180.2295514809985, 114.51627603063376, 503.4390585906129, 434.49404322221153, 437.48171963755647, 390.91587419859115, 589.0342291336008]
9 - : velocity- [-20.985578457534945, -4.21673831635706, 2.042904981100741, 0.10283028854133827, 0.7157577411481828, 5.682590185624374, 0.03061031274472442, -2.2082402188870587, 1.9523809218522974, -2.1340256328285268, 2.679344819054796, 3.0946403916261898, -3.477052411809187, 18.776869693797394, 7.207018378731827, 3.7815578993819505, 1.2698219998205102, -5.55664616842311, -36.58463214831974, 21.750797412920264, 7.6564070295520255, 39.058069341678525, -41.86306934532843, -22.25640761690945, 16.462152239142164, -10.896000592958588, -3.932890674973704, -12.386919299716096, 34.16303488000537, -20.914119274864156, 52.45933493237521, 59.41723115751384]
9 -: gBest- 0.0 - 1224.1509439861125
